qd-345_fourier_gnn
Epoch 1

loss: 5.844440  [  500/345000]
loss: 5.672305  [25500/345000]
loss: 5.426530  [50500/345000]
